[LEFT_CAM_2K]
fx=1399.58
fy=1399.44
cx=1118.21
cy=614.858
k1=-0.171441
k2=0.0257079
k3=1.84418e-11
p1=-3.5109e-05
p2=3.96575e-05

[RIGHT_CAM_2K]
fx=1395.16
fy=1395.01
cx=1062.94
cy=599.284
k1=-0.170103
k2=0.0246132
k3=1.99913e-11
p1=0.000176166
p2=9.16567e-05

[LEFT_CAM_FHD]
fx=1399.58
fy=1399.44
cx=974.21
cy=533.858
k1=-0.171441
k2=0.0257079
k3=1.84418e-11
p1=-3.5109e-05
p2=3.96575e-05

[RIGHT_CAM_FHD]
fx=1395.16
fy=1395.01
cx=918.94
cy=518.284
k1=-0.170103
k2=0.0246132
k3=1.99913e-11
p1=0.000176166
p2=9.16567e-05

[LEFT_CAM_HD]
fx=699.79
fy=699.72
cx=645.605
cy=355.429
k1=-0.171441
k2=0.0257079
k3=1.84418e-11
p1=-3.5109e-05
p2=3.96575e-05

[RIGHT_CAM_HD]
fx=697.58
fy=697.505
cx=617.97
cy=347.642
k1=-0.170103
k2=0.0246132
k3=1.99913e-11
p1=0.000176166
p2=9.16567e-05

[LEFT_CAM_VGA]
fx=349.895
fy=349.86
cx=338.3025
cy=185.2145
k1=-0.171441
k2=0.0257079
k3=1.84418e-11
p1=-3.5109e-05
p2=3.96575e-05

[RIGHT_CAM_VGA]
fx=348.79
fy=348.7525
cx=324.485
cy=181.321
k1=-0.170103
k2=0.0246132
k3=1.99913e-11
p1=0.000176166
p2=9.16567e-05

[STEREO]
Baseline=119.994
TY=-0.0149033
TZ=0.810449
CV_2K=0.0084623
CV_FHD=0.0084623
CV_HD=0.0084623
CV_VGA=0.0084623
RX_2K=-0.00046565
RX_FHD=-0.00046565
RX_HD=-0.00046565
RX_VGA=-0.00046565
RZ_2K=-0.000680271
RZ_FHD=-0.000680271
RZ_HD=-0.000680271
RZ_VGA=-0.000680271

